8.3195295095 -6.97431708373
8.05111616656 2.21415146535
7.78270282361 11.4026200144
7.51428948067 20.5910885635
7.24587613772 29.7795571126
-0.86893903957 -7.24273042668
-1.13735238252 1.9457381224
-1.40576572546 11.1342066715
-1.67417906841 20.3226752205
-1.94259241136 29.5111437696
-10.0574075886 -7.51114376962
-10.3258209316 1.67732477945
-10.5942342745 10.8657933285
-10.8626476175 20.0542618776
-11.1310609604 29.2427304267
-19.2458761377 -7.77955711257
-19.5142894807 1.40891143651
-19.7827028236 10.5973799856
-20.0511161666 19.7858485347
-20.3195295095 28.9743170837
