Main object: 0.00 -0.01 -0.00 -0.01 2 76 0.55
Main object: 0.00 -0.01 -0.00 -0.01 3 79 0.61
Main object: 0.00 -0.01 -0.00 -0.01 3 80 0.67
Main object: 0.00 -0.01 -0.00 -0.01 3 82 0.67
Main object: 0.00 -0.01 -0.00 -0.01 3 83 0.73
Main object: 0.00 -0.01 -0.00 -0.01 3 84 0.73
Main object: 0.00 -0.01 -0.00 -0.01 4 85 0.73
Main object: 0.00 -0.01 -0.00 -0.01 5 86 0.80
Main object: 0.00 -0.01 -0.00 -0.01 4 87 0.80
Main object: 0.00 -0.01 -0.00 -0.01 4 88 0.80
Main object: 0.00 -0.01 -0.00 -0.01 6 89 0.87
Main object: 0.00 -0.01 -0.00 -0.01 4 90 0.87
Main object: 0.00 -0.01 -0.00 -0.01 3 91 0.87
Main object: 0.00 -0.01 -0.00 -0.01 5 92 0.93
Main object: 0.00 -0.00 -0.00 -0.01 5 93 0.93
Main object: 0.00 -0.00 -0.00 -0.01 6 94 0.93
Main object: 0.00 -0.00 -0.00 -0.01 5 95 0.99
Main object: 0.00 -0.00 -0.00 -0.01 4 96 0.99
Main object: 0.00 -0.00 -0.00 -0.01 4 97 0.99
Main object: 0.00 -0.00 -0.00 -0.01 3 98 1.05
Main object: 0.00 -0.00 -0.00 -0.01 2 99 1.05
Main object: 0.00 -0.00 -0.00 -0.01 2 100 1.05
Main object: 0.00 -0.00 -0.00 -0.01 2 101 1.10
Main object: 0.00 -0.00 -0.00 -0.01 2 102 1.10
Main object: 0.00 -0.00 -0.00 -0.01 3 103 1.10
Main object: 0.00 -0.00 -0.00 -0.01 2 104 1.15
Main object: 0.00 -0.00 -0.00 -0.01 3 106 1.15
Main object: 0.00 -0.00 -0.00 -0.01 2 108 1.20
Main object: 0.00 -0.00 -0.00 -0.01 2 110 1.24
Main object: 0.01 0.00 -0.00 -0.01 2 312 1.98
Main object: 0.00 0.00 -0.00 -0.01 2 344 2.64
Main object: 0.00 0.01 -0.00 -0.01 2 351 2.74
Main object: 0.00 0.01 -0.00 -0.01 2 352 2.74
Main object: 0.00 0.00 -0.00 -0.01 2 358 2.83
Main object: 0.00 0.00 -0.00 -0.01 2 359 2.88
Main object: 0.00 0.00 -0.00 -0.00 2 360 2.88
Main object: 0.00 0.00 -0.00 -0.00 2 362 2.92
Main object: 0.00 0.00 -0.00 -0.00 2 363 2.92
