-20.7464938305 -4.99970833031
-15.3099432903 -3.43640470536
-9.8733927501 -1.87310108041
-4.43684220989 -0.309797455461
0.999708330314 1.25350616949
-22.3097974555 0.436842209892
-16.8732469153 2.00014583484
-11.436696375 3.56344945979
-6.00014583484 5.12675308475
-0.563595294637 6.6900567097
-23.8731010804 5.8733927501
-18.4365505402 7.43669637505
-13.0 9.0
-7.56344945979 10.563303625
-2.12689891959 12.1266072499
-25.4364047054 11.3099432903
-19.9998541652 12.8732469153
-14.563303625 14.4365505402
-9.12675308475 15.9998541652
-3.69020254454 17.5631577901
-26.9997083303 16.7464938305
-21.5631577901 18.3097974555
-16.1266072499 19.8731010804
-10.6900567097 21.4364047054
-5.25350616949 22.9997083303
