4.75836717206 3.86859757975
4.95509656046 3.81626332455
5.15182594887 3.76392906934
5.34855533727 3.71159481413
5.54528472568 3.65926055893
5.74201411409 3.60692630372
4.80817652899 4.05583563802
5.00490591739 4.00350138281
5.2016353058 3.9511671276
5.3983646942 3.8988328724
5.59509408261 3.84649861719
5.79182347101 3.79416436198
4.85798588591 4.24307369628
5.05471527432 4.19073944107
5.25144466273 4.13840518587
5.44817405113 4.08607093066
5.64490343954 4.03373667545
5.84163282794 3.98140242025
