89.1264331375 62.8128514011
93.6822716059 61.6009002279
98.2381100742 60.3889490547
102.793948543 59.1769978815
107.349787011 57.9650467083
111.905625479 56.7530955351
90.3200214142 67.2996620139
94.8758598825 66.0877108407
99.4316983509 64.8757596675
103.987536819 63.6638084942
108.543375288 62.451857321
113.099213756 61.2399061478
91.5136096908 71.7864726266
96.0694481592 70.5745214534
100.625286628 69.3625702802
105.181125096 68.150619107
109.736963564 66.9386679338
114.292802033 65.7267167606
92.7071979675 76.2732832394
97.2630364358 75.0613320662
101.818874904 73.849380893
106.374713372 72.6374297198
110.930551841 71.4254785466
115.486390309 70.2135273734
93.9007862441 80.7600938522
98.4566247124 79.548142679
103.012463181 78.3361915058
107.568301649 77.1242403325
112.124140117 75.9122891593
116.679978586 74.7003379861
95.0943745207 85.2469044649
99.6502129891 84.0349532917
104.206051457 82.8230021185
108.761889926 81.6110509453
113.317728394 80.3990997721
117.873566862 79.1871485989
