61.0342031652 66.9543751
65.2870585989 63.2243321163
69.5399140326 59.4942891326
73.7927694663 55.7642461489
78.0456249 52.0342031652
64.7642461489 71.2072305337
69.0171015826 67.47718755
73.2699570163 63.7471445663
77.52281245 60.0171015826
81.7756678837 56.2870585989
68.4942891326 75.4600859674
72.7471445663 71.7300429837
77.0 68.0
81.2528554337 64.2699570163
85.5057108674 60.5399140326
72.2243321163 79.7129414011
76.47718755 75.9828984174
80.7300429837 72.2528554337
84.9828984174 68.52281245
89.2357538511 64.7927694663
75.9543751 83.9657968348
80.2072305337 80.2357538511
84.4600859674 76.5057108674
88.7129414011 72.7756678837
92.9657968348 69.0456249
